%YAML:1.0

is_sim: 0

leftCam_fx: 7659.0212
leftCam_fy: 7656.9791
leftCam_cx: 1247.7298
leftCam_cy: 1232.1976

rightCam_fx: 7594.0811
rightCam_fy: 7579.3093
rightCam_cx: 1101.668352087246
rightCam_cy: 1086.486861111444
t: [-0.626286778973263,0.00275753311028631,0.0116718021098970]
R: [0.999585500813415,-0.0129186969518309,-0.0257280747950902,0.0133208207807941,0.999790817771732,0.0155201943627662,0.0255221922514694,-0.0158564803282075,0.999548492937826]

# for viewer
window_width: 1280
window_height: 720

viewer_point_x: 2
viewer_point_y: -1
viewer_point_z: -30
viewer_point_f: 7428.34

# for drawing
goal_height: 2.55
goal_length: 7.32
goal_width1: 2
goal_width2: 1.5

# blob parameters
blob_minThres: 20
blob_maxThres: 150
blob_minArea: 5000
blob_maxArea: 15000
blob_minCircularity: 0.3
blob_minInertiaRatio: 0.1
blob_minConvexity: 0.8

# Canny parameters
Canny_lowThres: 80
Canny_highThres: 150

# Line method parameters
line_roi_size: 100

# HoughLine parameters
Hough_minLength: 80

keypoint_thres: 40